40
0 1 2
1 0 2
2 0 1
3 4 10 11
4 3 10 11
5 6 7 8 9
6 5 7 8 9
7 5 6 8 9
8 5 6 7 9 12 13
9 5 6 7 8
10 3 4 11
11 3 4 10
12 22 17 18 19 20 21
13 8 15 14 16
14 13 15 16
15 13 14 16
16 13 14 15
17 12 18
18 12 17 19
19 18 12 20
20 19 12 21
21 12 20 23
22 12
23 21 25 24 26
24 23 25 26
25 23 24 26
26 23 24 25 27
27 26 28
28 27 29 30
29 28 30
30 28 29 31
31 30 32 33 34 35 36 37 38 39
32 31 33 34 35 36 37 38 39
33 31 32 34 35 36 37 38 39
34 31 32 33 35 36 37 38 39
35 31 32 33 34 36 37 38 39
36 31 32 33 34 35 37 38 39
37 31 32 33 34 35 36 38 39
38 31 32 33 34 35 36 37 39
39 31 32 33 34 35 36 37 38
